235148962103951360
908820917512192051
518846876083027969
672072079637610510
516284001930051589
1011579306796908624
740267935117082665
1050339624561680384
1087857800425783509
721847690765271101
292953664492929025
662731174845612062
1040696638773149737
927617070449983528
953439374345920542
1041699551469375539
963969186332282941
776876434487640094
542518557024452618
701478982775996537
1022229662887325740
1085656267038675004
973390681936654346
681314910940037201
202873006773633024
696667415722852372
764139603665616916
659441937962500102
